21.22
88.08
68.93
2.11
68.04
54.81
49.94
43.79
42.41
67.98
79.19
20.83
77.96
52.9
73.1
28.5
35.91
57.77
19.41
45.31
6.46
18.0
84.54
62.4
11.64
16.18
36.13
86.0
8.08
54.22
42.97
56.01
40.01
49.98
28.54
46.62
61.35
86.65
84.6
23.18
73.64
54.99
72.51
70.05
57.12
23.95
91.1
58.5
76.49
95.19
75.45
76.99
94.55
43.71
51.49
53.53
45.2
94.78
38.86
29.93
7.06
46.64
71.42
2.6
91.63
73.26
3.3
30.66
9.6
94.38
26.08
15.33
89.41
77.29
55.26
64.9
18.14
55.07
40.98
64.02
15.86
86.34
48.44
62.01
51.19
25.62
37.01
69.03
56.4
66.28
65.96
89.99
43.05
82.68
5.56
76.74
51.56
70.35
51.22
8.65
83.35
90.78
63.44
1.92
70.08
91.67
28.03
35.3
52.29
7.76
44.99
61.94
22.46
46.04
66.71
18.01
17.55
56.77
65.57
76.15
69.18
49.07
10.55
82.34
73.47
82.11
8.11
66.61
31.96
3.84
54.24
79.17
88.44
84.91
9.1
1.62
80.18
56.34
59.83
34.33
20.65
7.35
22.39
52.95
44.69
30.44
8.5
92.25
14.61
7.75
45.57
92.35
49.9
42.26
58.25
11.29
27.59
21.86
12.03
33.43
63.44
92.23
44.03
13.64
20.78
66.25
92.58
10.27
32.4
67.89
84.99
27.4
37.12
88.16
12.03
81.19
90.63
32.04
39.82
80.51
90.22
34.52
52.65
61.33
15.18
65.97
31.43
88.23
38.63
58.1
8.97
55.6
37.99
11.36
90.1
54.95
47.01
35.55
49.31
37.25
16.71
90.78
94.76
57.93
21.91
65.85
33.69
47.44
12.71
25.29
71.91
22.91
6.04
94.62
65.54
73.18
60.35
56.98
41.9
80.42
71.58
43.56
9.63
23.95
82.66
76.29
73.97
73.91
14.57
82.07
37.8
25.12
33.59
26.96
21.1
13.69
24.41
51.83
27.56
46.66
25.3
71.53
47.15
60.01
49.86
57.94
16.23
43.93
65.71
56.08
75.01
70.92
38.17
61.87
2.94
34.86
51.31
28.67
13.31
17.57
80.47
64.93
80.77
4.94
5.3
18.39
47.53
36.62
83.79
45.71
32.6
59.12
92.35
70.3
86.98
87.23
53.36
72.81
30.22
14.65
10.46
18.7
92.07
89.26
2.14
75.13
6.85
13.73
57.31
47.6
70.64
15.25
84.91
50.81
25.03
85.87
83.78
13.24
83.78
34.72