14.55
39.96
47.43
39.05
49.01
79.24
23.46
1.91
94.5
25.13
23.58
92.81
74.24
69.06
20.98
63.63
70.81
92.41
10.57
10.49
68.33
72.3
20.54
16.57
66.17
38.11
24.89
75.54
96.14
82.98
3.41
22.48
84.24
3.42
41.33
98.1
65.23
42.53
90.18
52.18
28.93
80.36
25.8
54.68
26.93
22.43
69.96
23.73
93.24
68.2
48.51
10.98
89.27
16.3
29.92
95.42
20.75
16.48
10.95
25.57
99.7
19.63
10.89
7.84
20.87
77.86
99.1
87.72
92.1
2.93
56.44
91.78
24.87
70.92
6.55
84.91
72.5
35.44
76.77
2.32
66.7
96.41
19.31
23.03
65.78
40.87
87.92
24.37
95.97
2.82
21.56
59.42
58.78
33.54
13.34
81.71
86.46
66.58
89.98
98.98
60.1
79.08
57.2
38.33
52.99
71.41
83.41
13.52
34.17
59.12
43.51
42.38
53.11
85.02
17.44
4.85
9.84
75.09
13.25
10.35
37.74
12.27
96.27
80.38
22.47
21.0
59.65
62.13
71.71
65.85
20.98
64.9
9.24
28.95
74.04
30.2
91.15
98.76
17.21
80.69
94.97
37.68
71.57
29.8
23.03
18.23
17.26
54.64
85.32
51.04
12.01
63.45
16.27
55.02
86.88
97.75
93.65
27.6
45.96
24.65
35.25
60.82
26.71
46.93
21.35
92.52
42.77
57.89
55.61
68.34
89.05
46.45
37.74
42.36
72.49
37.23
18.63
50.59
58.11
2.09
92.38
72.13
75.78
19.41
49.71
37.93
63.03
25.4
51.49
84.98
84.7
24.23
83.22
83.35
67.35
41.93
31.4
33.97
95.73
13.08
4.33
30.86
16.49
32.93
54.19
44.84
80.0
61.83
28.8
56.02
63.02
96.4
92.39
13.58
7.67
9.64
66.0
83.12
47.37
79.42
75.78
92.0
2.18
32.08
90.81
94.59
56.94
4.34
93.13
17.23
29.4
79.16
85.99
38.76
89.12
68.76
91.3
39.33
86.69
12.7
91.23
5.38
75.26
26.47
21.81
19.12
41.21
8.82
72.38
63.25
48.98
88.78
43.44
72.9
6.02
66.68
10.08
49.85
35.59
87.24
37.7
82.12
37.98
18.72
19.14
27.91
89.76
13.54
7.34
73.76
83.46
67.64
84.78
11.74
35.96
49.66
98.68
88.55
58.39
34.62
90.65
42.05
90.67
92.83
16.13
1.7
56.4
59.34
68.52
72.61
19.92
7.35
92.9
40.19
71.28
85.55
89.25
71.62
78.5
14.59